 N    6.514    6.070   10.115
 C    5.120    5.735    9.820
 C    4.972    5.320    8.372
 O    5.853    5.648    7.565
 C    4.383    7.051   10.036
 H    4.778    5.060   10.427
 N    3.875    4.647    8.049
 C    3.606    4.218    6.687
 C    3.009    5.365    5.875
 O    2.314    6.254    6.397
 C    2.600    3.062    6.713
 C    3.033    1.808    7.483
 C    1.967    0.722    7.443
 C    4.370    1.291    6.961
 H    3.263    4.423    8.610
 H    4.428    3.930    6.261
 H    1.782    3.383    7.125
 H    2.427    2.791    5.798
 H    3.150    2.050    8.415
 H    2.323   -0.085    7.846
 H    1.189    1.024    7.937
 H    1.725    0.551    6.519
 H    4.545    0.420    7.351
 H    4.324    1.217    5.994
 H    5.070    1.913    7.212
 N    3.211    5.291    4.570
 C    2.628    6.284    3.685
 C    1.131    6.040    3.604
 O    0.675    4.896    3.533
 C    3.285    6.214    2.295
 C    4.789    6.513    2.414
 C    2.595    7.187    1.348
 C    5.363    7.443    1.373
 H    3.675    4.684    4.175
 H    2.784    7.173    4.039
 H    3.186    5.319    1.933
 H    4.949    6.920    3.280
 H    5.272    5.675    2.347
 H    2.975    7.087    0.461
 H    1.646    6.987    1.326
 H    2.735    8.092    1.668
 H    6.325    7.490    1.487
 H    5.151    7.099    0.491
 H    4.973    8.324    1.486
 N    0.364    7.122    3.537
 C   -1.075    7.083    3.353
 C   -1.358    7.900    2.092
 O   -0.881    9.030    1.994
 C   -1.812    7.697    4.556
 C   -3.257    7.725    4.308
 C   -1.446    6.937    5.813
 H    0.674    7.922    3.598
 H   -1.389    6.174    3.228
 H   -1.540    8.619    4.686
 H   -3.714    7.963    5.130
 H   -3.448    8.383    3.621
 H   -3.544    6.847    4.012
 H   -1.935    7.311    6.562
 H   -1.682    6.003    5.697
 H   -0.492    7.020    5.966
 N   -2.125    7.390    1.121
 C   -2.819    6.108    1.122
 C   -1.864    4.932    1.047
 O   -0.806    5.008    0.412
 C   -3.700    6.173   -0.137
 C   -3.741    7.544   -0.548
 C   -2.520    8.213   -0.034
 H   -3.384    6.022    1.906
 H   -3.309    5.621   -0.833
 H   -4.591    5.855    0.076
 H   -3.764    7.586   -1.517
 H   -4.534    7.963   -0.179
 H   -1.822    8.217   -0.707
 H   -2.718    9.121    0.244
 N   -2.229    3.860    1.746
 C   -1.429    2.650    1.824
 C   -2.131    1.496    1.121
 O   -3.321    1.278    1.310
 C   -1.175    2.265    3.294
 C   -0.134    1.181    3.475
 C    1.200    1.517    3.487
 C   -0.484   -0.166    3.643
 C    2.170    0.562    3.633
 C    0.482   -1.116    3.792
 C    1.804   -0.740    3.818
 O    2.732   -1.728    3.954
 H   -2.960    3.814    2.197
 H   -0.581    2.802    1.380
 H   -0.869    3.052    3.772
 H   -2.005    1.945    3.679
 H    1.448    2.409    3.394
 H   -1.380   -0.414    3.654
 H    3.069    0.798    3.608
 H    0.248   -2.012    3.876
 H    2.351   -2.465    4.086
 N   -1.353    0.718    0.381
 C   -1.821   -0.479   -0.323
 C   -1.264   -1.724    0.353
 O   -0.063   -1.979    0.293
 C   -1.349   -0.372   -1.775
 C   -1.467   -1.663   -2.529
 O   -2.335   -2.449   -2.242
 N   -0.584   -1.893   -3.490
 H   -0.514    0.866    0.266
 H   -2.787   -0.553   -0.276
 H   -1.887    0.292   -2.233
 H   -0.416   -0.107   -1.783
 H   -0.621   -2.623   -3.943
 H    0.027   -1.312   -3.660
 N   -2.140   -2.494    0.988
 C   -1.786   -3.765    1.599
 C   -2.324   -4.888    0.711
 O   -3.541   -5.153    0.722
 C   -2.398   -3.851    2.999
 C   -2.080   -5.151    3.746
 C   -0.612   -5.323    4.077
 C   -2.939   -5.249    5.002
 H   -2.972   -2.294    1.080
 H   -0.823   -3.853    1.675
 H   -2.059   -3.115    3.531
 H   -3.363   -3.786    2.919
 H   -2.292   -5.886    3.150
 H   -0.499   -6.135    4.596
 H   -0.107   -5.385    3.251
 H   -0.312   -4.557    4.591
 H   -2.707   -6.060    5.480
 H   -2.771   -4.475    5.561
 H   -3.874   -5.274    4.744
 N   -1.481   -5.572   -0.074
 C   -1.965   -6.750   -0.821
 C   -2.475   -7.807    0.134
 O   -1.910   -8.005    1.199
 C   -0.716   -7.249   -1.562
 C    0.216   -6.025   -1.622
 C   -0.046   -5.302   -0.323
 H   -2.651   -6.498   -1.459
 H   -0.306   -7.976   -1.068
 H   -0.957   -7.548   -2.453
 H    1.141   -6.311   -1.682
 H   -0.010   -5.469   -2.384
 H    0.503   -5.662    0.391
 H    0.116   -4.350   -0.418
 N   -3.536   -8.520   -0.269
 C   -4.105   -9.637    0.482
 C   -3.946  -10.845   -0.437
 O   -4.813  -11.090   -1.287
 C   -5.572   -9.359    0.831
 C   -5.811   -8.053    1.616
 C   -7.307   -7.850    1.773
 C   -5.125   -8.014    2.935
 H   -3.954   -8.363   -1.004
 H   -3.642   -9.795    1.320
 H   -6.079   -9.303    0.006
 H   -5.902  -10.092    1.374
 H   -5.424   -7.319    1.113
 H   -7.464   -7.043    2.287
 H   -7.709   -7.766    0.895
 H   -7.682   -8.615    2.237
 H   -5.356   -7.187    3.387
 H   -5.415   -8.773    3.465
 H   -4.166   -8.056    2.793
 N   -2.835  -11.574   -0.370
 C   -2.573  -12.551   -1.449
 C   -3.608  -13.660   -1.494
 O   -3.854  -14.324   -0.488
 C   -1.194  -13.110   -1.096
 C   -0.521  -11.943   -0.308
 C   -1.656  -11.371    0.510
 H   -2.552  -12.092   -2.303
 H   -1.283  -13.903   -0.545
 H   -0.700  -13.321   -1.904
 H    0.186  -12.285    0.262
 H   -0.163  -11.284   -0.922
 H   -1.759  -11.854    1.345
 H   -1.514  -10.428    0.687
 N   -4.163  -13.888   -2.678
 C   -5.181  -14.900   -2.800
 C   -6.497  -14.503   -2.179
 O   -7.365  -15.355   -1.996
 H   -3.965  -13.475   -3.406
 H   -5.333  -15.083   -3.741
 H   -4.874  -15.712   -2.366
 N   -6.683  -13.209   -1.890
 C   -7.926  -12.697   -1.349
 C   -8.067  -13.012    0.121
 O   -7.099  -13.339    0.820
 H   -6.086  -12.600   -2.005
 H   -7.956  -11.734   -1.462
 H   -8.673  -13.094   -1.823
 N   -9.290  -12.859    0.614
 C   -9.578  -13.059    2.015
 C  -10.268  -14.406    2.186
 O  -10.714  -15.035    1.225
 C  -10.392  -11.909    2.629
 C   -9.632  -10.606    2.414
 C  -11.774  -11.868    2.034
 H   -9.975  -12.637    0.144
 H   -8.737  -13.087    2.497
 H  -10.508  -12.039    3.583
 H  -10.119   -9.883    2.838
 H   -8.749  -10.687    2.809
 H   -9.554  -10.440    1.462
 H  -12.233  -11.077    2.356
 H  -11.701  -11.838    1.067
 H  -12.258  -12.664    2.305
 N  -10.324  -14.869    3.433
 C  -10.882  -16.167    3.789
 C  -11.392  -16.052    5.213
 O  -10.819  -15.296    6.008
 C   -9.813  -17.266    3.665
 C   -8.650  -17.049    4.641
 C  -10.437  -18.645    3.833
 H  -10.034  -14.432    4.114
 H  -11.619  -16.398    3.202
 H   -9.434  -17.218    2.773
 H   -7.961  -17.708    4.463
 H   -8.294  -16.156    4.515
 H   -8.977  -17.149    5.549
 H   -9.761  -19.320    3.668
 H  -10.776  -18.730    4.738
 H  -11.163  -18.742    3.198
 N  -12.412  -16.804    5.595
 C  -12.808  -16.786    7.001
 C  -11.633  -17.153    7.896
 O  -10.795  -17.992    7.547
 C  -13.969  -17.781    7.060
 C  -14.544  -17.674    5.696
 C  -13.358  -17.575    4.777
 H  -13.146  -15.918    7.272
 H  -13.642  -18.677    7.241
 H  -14.610  -17.519    7.740
 H  -15.072  -18.463    5.497
 H  -15.098  -16.880    5.633
 H  -13.005  -18.452    4.564
 H  -13.585  -17.101    3.961
 N  -11.561  -16.455    9.038
 C  -10.550  -16.566   10.093
 C   -9.325  -15.720    9.794
 O   -8.401  -15.707   10.632
 C  -10.191  -18.024   10.425
 C  -11.436  -18.775   10.886
 C  -11.240  -20.217   11.298
 N  -10.265  -20.332   12.367
 C   -9.988  -21.468   12.993
 N   -9.056  -21.475   13.931
 N  -10.662  -22.589   12.713
 H  -12.160  -15.870    9.259
 H  -10.905  -16.204   10.920
 H   -9.838  -18.462    9.634
 H   -9.533  -18.044   11.137
 H  -11.803  -18.308   11.653
 H  -12.077  -18.773   10.158
 H  -12.083  -20.580   11.613
 H  -10.921  -20.729   10.538
 H   -9.844  -19.623   12.609
 H   -8.638  -20.750   14.128
 H   -8.867  -22.206   14.344
 H  -11.285  -22.580   12.121
 H  -10.473  -23.320   13.126
 N   -9.318  -14.942    8.704
 C   -8.281  -13.957    8.477
 C   -8.603  -12.678    9.220
 O   -9.692  -12.116    9.085
 C   -8.194  -13.695    6.991
 C   -7.033  -12.853    6.596
 S   -6.995  -12.758    4.784
 C   -5.535  -11.723    4.535
 H   -9.912  -14.973    8.082
 H   -7.426  -14.286    8.796
 H   -8.114  -14.544    6.529
 H   -9.001  -13.237    6.707
 H   -7.130  -11.959    6.961
 H   -6.208  -13.252    6.913
 H   -5.418  -11.567    3.585
 H   -5.664  -10.880    4.996
 H   -4.759  -12.181    4.893
 N   -7.636  -12.241   10.021
 C   -7.735  -11.048   10.856
 C   -6.776   -9.982   10.337
 O   -5.566  -10.201   10.292
 C   -7.388  -11.433   12.298
 C   -7.406  -10.276   13.297
 C   -8.845   -9.729   13.450
 C   -6.843  -10.694   14.623
 H   -6.879  -12.640   10.101
 H   -8.629  -10.673   10.815
 H   -8.032  -12.091   12.603
 H   -6.495  -11.812   12.308
 H   -6.843   -9.560   12.961
 H   -8.885   -9.160   14.235
 H   -9.075   -9.217   12.659
 H   -9.457  -10.475   13.551
 H   -6.865   -9.937   15.228
 H   -7.380  -11.418   14.980
 H   -5.928  -10.992   14.498
 N   -7.318   -8.823    9.969
 C   -6.543   -7.681    9.502
 C   -6.519   -6.649   10.631
 O   -7.566   -6.299   11.188
 C   -7.140   -7.090    8.213
 C   -7.161   -8.136    7.078
 C   -6.334   -5.865    7.833
 C   -8.397   -8.885    6.899
 H   -8.164   -8.673    9.983
 H   -5.631   -7.951    9.311
 H   -8.063   -6.835    8.367
 H   -6.986   -7.676    6.242
 H   -6.460   -8.783    7.253
 H   -6.490   -5.662    6.897
 H   -6.616   -5.118    8.384
 H   -5.393   -6.048    7.980
 H   -8.310   -9.456    6.120
 H   -8.555   -9.425    7.689
 H   -9.129   -8.261    6.772
 N   -5.331   -6.182   10.995
 C   -5.171   -5.188   12.048
 C   -4.512   -3.937   11.492
 O   -3.410   -4.003   10.919
 C   -4.315   -5.748   13.193
 O   -4.940   -6.928   13.728
 C   -4.133   -4.723   14.321
 H   -4.590   -6.433   10.638
 H   -4.590   -6.433   10.638
 H   -6.046   -4.943   12.386
 H   -3.436   -5.965   12.845
 H   -5.399   -6.729   14.403
 H   -3.722   -5.146   15.091
 H   -3.566   -3.996   14.020
 H   -4.995   -4.362   14.583
 N   -5.145   -2.790   11.759
 C   -4.648   -1.481   11.346
 C   -4.433   -0.678   12.623
 O   -5.360   -0.513   13.435
 C   -5.657   -0.760   10.440
 C   -6.044   -1.613    9.227
 C   -5.121    0.609    9.997
 C   -4.915   -2.084    8.404
 H   -5.888   -2.750   12.191
 H   -3.809   -1.576   10.870
 H   -6.461   -0.619   10.964
 H   -6.519   -2.397    9.543
 H   -6.621   -1.085    8.653
 H   -5.712    0.977    9.322
 H   -5.090    1.200   10.766
 H   -4.230    0.496    9.631
 H   -5.248   -2.351    7.533
 H   -4.273   -1.363    8.306
 H   -4.497   -2.841    8.844
 N   -3.225   -0.189   12.813
 C   -2.904    0.660   13.962
 C   -2.520    2.034   13.452
 O   -1.771    2.161   12.484
 C   -1.731    0.115   14.784
 C   -2.032   -1.154   15.566
 C   -0.707   -1.810   15.917
 C   -2.814   -0.857   16.811
 H   -2.560   -0.333   12.287
 H   -3.681    0.712   14.540
 H   -0.998   -0.082   14.179
 H   -1.461    0.794   15.422
 H   -2.575   -1.755   15.032
 H   -0.848   -2.439   16.642
 H   -0.369   -2.276   15.137
 H   -0.078   -1.125   16.191
 H   -3.022   -1.692   17.260
 H   -2.281   -0.293   17.392
 H   -3.634   -0.400   16.567
 N   -3.018    3.077   14.100
 C   -2.642    4.420   13.711
 C   -3.135    5.411   14.742
 O   -3.606    5.039   15.818
 H   -3.567    3.034   14.760
 H   -1.677    4.487   13.645
 H   -3.034    4.637   12.851
 N   -3.019    6.681   14.388
 C   -3.507    7.790   15.192
 C   -4.297    8.719   14.285
 O   -3.855    9.058   13.179
 C   -2.340    8.541   15.848
 O   -1.628    7.620   16.684
 C   -2.824    9.745   16.671
 H   -2.646    6.934   13.656
 H   -4.093    7.469   15.895
 H   -1.752    8.897   15.164
 H   -0.980    8.007   17.052
 H   -2.074   10.159   17.127
 H   -3.239   10.400   16.089
 H   -3.473    9.456   17.332
 N   -5.484    9.104   14.734
 C   -6.276   10.028   13.932
 C   -5.647   11.404   14.017
 O   -5.254   11.860   15.093
 C   -7.731   10.066   14.435
 C   -8.585   11.028   13.628
 C   -8.347    8.708   14.418
 H   -5.844    8.854   15.475
 H   -6.283    9.730   13.009
 H   -7.706   10.383   15.351
 H   -9.508   10.951   13.918
 H   -8.267   11.932   13.776
 H   -8.514   10.802   12.688
 H   -9.273    8.778   14.698
 H   -8.300    8.351   13.517
 H   -7.859    8.133   15.027
 N   -5.569   12.097   12.884
 C   -5.035   13.456   12.896
 C   -5.937   14.400   13.681
 O   -7.141   14.171   13.809
 C   -4.861   14.002   11.477
 C   -3.758   13.274   10.726
 C   -3.471   13.835    9.358
 C   -2.168   13.276    8.785
 N   -0.915   13.778    9.483
 H   -5.813   11.811   12.110
 H   -4.165   13.431   13.325
 H   -5.691   13.888   10.987
 H   -4.630   14.943   11.523
 H   -2.940   13.330   11.245
 H   -4.018   12.346   10.615
 H   -4.194   13.600    8.756
 H   -3.388   14.800    9.417
 H   -2.182   12.310    8.867
 H   -2.105   13.530    7.851
 H   -0.197   13.591    8.992
 H   -0.832   13.385   10.278
 H   -0.964   14.659    9.600
 N   -5.389   15.538   14.131
 N   -5.372   15.472   14.226
 C   -6.120   16.382   15.101
 C   -6.216   16.553   14.729
 C   -7.455   16.946   14.631
 C   -7.119   17.042   13.616
 O   -8.382   17.071   15.444
 O   -6.728   17.081   12.450
 C   -5.114   17.504   15.411
 C   -5.204   17.632   15.116
 C   -4.124   17.476   14.264
 C   -3.883   16.911   15.266
 C   -4.022   16.031   13.887
 C   -3.935   15.778   14.309
 H   -6.289   15.843   15.890
 H   -6.727   16.283   15.508
 H   -5.574   18.357   15.451
 H   -5.155   18.302   14.416
 H   -4.671   17.326   16.255
 H   -5.470   18.046   15.953
 H   -4.458   18.006   13.524
 H   -3.154   17.513   15.048
 H   -3.266   17.820   14.557
 H   -3.786   16.590   16.176
 H   -3.778   15.932   12.953
 H   -3.587   16.042   13.443
 H   -3.380   15.570   14.448
 H   -3.439   15.017   14.649
 N   -7.571   17.365   13.375
 N   -8.352   17.360   13.965
 C   -8.840   17.913   12.906
 C   -9.266   17.967   13.006
 C   -9.341   17.057   11.754
 C   -9.513   17.065   11.800
 O   -9.655   17.566   10.675
 O   -9.790   17.546   10.705
 C   -8.704   19.372   12.457
 C   -8.770   19.337   12.519
 C  -10.056   20.041   12.205
 C   -8.304   20.230   13.645
 O  -11.032   19.815   12.929
 O   -7.139   20.651   13.698
 N  -10.113   20.867   11.174
 N   -9.207   20.515   14.562
 H   -6.944   17.343   12.787
 H   -8.684   17.235   14.748
 H   -9.482   17.908   13.633
 H  -10.110   18.096   13.468
 H   -8.245   19.874   13.149
 H   -8.024   19.205   11.913
 H   -8.195   19.403   11.632
 H   -9.494   19.789   12.058
 H  -10.849   21.270   10.986
 H   -9.000   21.019   15.227
 H   -9.414   21.001   10.691
 H  -10.003   20.196   14.494
 N   -9.408   15.750   11.975
 C   -9.715   14.813   10.902
 C  -11.108   15.031   10.329
 O  -12.061   15.373   11.030
 C   -9.629   13.391   11.454
 H   -9.280   15.376   12.739
 H   -9.161   15.373   12.707
 H   -9.080   14.942   10.181
 H   -9.858   12.765   10.750
 H   -8.724   13.226   11.763
 H  -10.252   13.301   12.193
 N  -11.224   14.757    9.040
 C  -12.502   14.761    8.354
 C  -12.978   13.357    8.008
 O  -14.156   13.066    8.145
 C  -12.422   15.599    7.077
 C  -13.747   15.695    6.372
 O  -13.900   15.187    5.265
 N  -14.714   16.353    6.999
 H  -10.559   14.561    8.531
 H  -13.168   15.178    8.923
 H  -12.135   16.498    7.304
 H  -11.786   15.192    6.469
 H  -15.488   16.432    6.633
 H  -14.566   16.699    7.772
 N  -12.088   12.460    7.583
 C  -12.504   11.164    7.062
 C  -11.364   10.158    7.131
 O  -10.186   10.508    7.055
 C  -13.008   11.289    5.616
 C  -11.971   11.855    4.676
 C  -12.484   12.127    3.264
 N  -11.385   12.623    2.430
 C  -11.419   12.732    1.103
 N  -10.355   13.197    0.453
 N  -12.499   12.375    0.420
 H  -11.237   12.581    7.586
 H  -13.215   10.824    7.627
 H  -13.257   10.409    5.292
 H  -13.779   11.878    5.601
 H  -11.651   12.697    5.037
 H  -11.239   11.224    4.605
 H  -12.826   11.306    2.876
 H  -13.184   12.797    3.292
 H  -10.662   12.863    2.829
 H   -9.651   13.425    0.889
 H  -10.373   13.268   -0.404
 H  -13.188   12.069    0.834
 H  -12.510   12.449   -0.437
 N  -11.749    8.881    7.211
 C  -10.862    7.728    7.084
 C  -11.574    6.760    6.155
 O  -12.806    6.694    6.167
 C  -10.679    7.038    8.444
 C  -10.066    8.004    9.440
 C   -9.844    5.775    8.318
 C  -10.050    7.475   10.885
 H  -12.565    8.649    7.348
 H   -9.998    7.988    6.729
 H  -11.554    6.774    8.769
 H   -9.149    8.181    9.180
 H  -10.578    8.828    9.432
 H   -9.673    5.419    9.204
 H  -10.332    5.125    7.789
 H   -9.005    5.993    7.882
 H   -9.864    8.211   11.489
 H  -10.917    7.090   11.090
 H   -9.361    6.798   10.966
 N  -10.820    6.003    5.358
 C  -11.442    4.935    4.593
 C  -10.575    3.697    4.516
 O   -9.376    3.784    4.227
 C  -11.764    5.379    3.178
 H   -9.972    6.092    5.249
 H  -12.251    4.693    5.070
 H  -12.158    4.636    2.695
 H  -12.389    6.119    3.213
 H  -10.944    5.660    2.741
 N  -11.211    2.555    4.757
 C  -10.663    1.256    4.401
 C  -11.421    0.748    3.185
 O  -12.649    0.771    3.178
 C  -10.812    0.245    5.523
 C  -10.216    0.541    6.869
 C  -10.314   -0.684    7.770
 C   -8.906    1.054    6.850
 H  -11.981    2.510    5.136
 H   -9.718    1.351    4.206
 H  -11.762    0.114    5.669
 H  -10.405   -0.582    5.221
 H  -10.744    1.264    7.240
 H   -9.868   -0.494    8.611
 H  -11.249   -0.885    7.930
 H   -9.885   -1.435    7.331
 H   -8.569    1.090    7.759
 H   -8.346    0.471    6.313
 H   -8.921    1.944    6.467
 N  -10.688    0.296    2.170
 C  -11.274   -0.221    0.929
 C  -10.730   -1.614    0.660
 O   -9.591   -1.763    0.189
 C  -10.973    0.697   -0.249
 C  -11.708    2.007   -0.158
 O  -12.916    1.956   -0.481
 O  -11.105    3.028    0.244
 H   -9.828    0.278    2.175
 H  -12.233   -0.285    1.056
 H  -10.022    0.886   -0.270
 H  -11.243    0.257   -1.071
 N  -11.551   -2.628    0.899
 C  -11.229   -3.993    0.497
 C  -11.691   -4.140   -0.940
 O  -12.894   -4.032   -1.222
 C  -11.957   -4.996    1.370
 C  -11.423   -5.090    2.770
 C  -11.889   -4.246    3.755
 C  -10.454   -6.044    3.103
 C  -11.384   -4.327    5.042
 C   -9.988   -6.141    4.381
 C  -10.422   -5.313    5.348
 H  -12.309   -2.550    1.297
 H  -10.275   -4.150    0.575
 H  -12.890   -4.739    1.427
 H  -11.879   -5.874    0.966
 H  -12.547   -3.620    3.555
 H  -10.125   -6.617    2.448
 H  -11.675   -3.736    5.699
 H   -9.357   -6.792    4.588
 H  -10.091   -5.390    6.214
 N  -10.753   -4.331   -1.864
 C  -11.026   -4.250   -3.284
 C  -10.909   -5.590   -3.996
 O  -10.007   -6.384   -3.713
 C  -10.079   -3.273   -3.982
 C  -10.380   -1.885   -3.561
 C   -9.716   -0.869   -4.399
 O   -8.893   -0.145   -3.892
 N  -10.033   -0.812   -5.695
 H   -9.933   -4.512   -1.680
 H  -11.946   -3.954   -3.363
 H   -9.162   -3.480   -3.741
 H  -10.193   -3.339   -4.943
 H  -11.337   -1.740   -3.618
 H  -10.079   -1.761   -2.647
 H  -10.610   -1.360   -6.021
 H   -9.659   -0.228   -6.204
 N  -11.799   -5.796   -4.968
 C  -11.742   -6.894   -5.919
 C  -11.535   -6.213   -7.274
 O  -12.502   -5.777   -7.910
 C  -13.048   -7.677   -5.886
 C  -13.188   -8.698   -7.025
 C  -14.435   -9.619   -6.878
 N  -14.471  -10.491   -8.050
 C  -15.291  -10.363   -9.099
 N  -16.266   -9.447   -9.129
 N  -15.146  -11.188  -10.142
 H  -12.477   -5.282   -5.097
 H  -11.017   -7.510   -5.730
 H  -13.100   -8.161   -5.047
 H  -13.787   -7.053   -5.955
 H  -13.268   -8.222   -7.866
 H  -12.401   -9.264   -7.038
 H  -14.363  -10.159   -6.076
 H  -15.245   -9.086   -6.848
 H  -13.914  -11.146   -8.066
 H  -16.379   -8.918   -8.460
 H  -16.779   -9.387   -9.816
 H  -14.531  -11.790  -10.132
 H  -15.666  -11.117  -10.823
 N  -10.270   -6.130   -7.731
 C   -9.985   -5.335   -8.928
 C  -10.449   -3.906   -8.696
 O  -10.181   -3.307   -7.647
 H   -9.585   -6.512   -7.378
 H   -9.033   -5.336   -9.111
 H  -10.454   -5.703   -9.693
 N  -11.206   -3.365   -9.660
 C  -11.769   -2.032   -9.530
 C  -12.968   -1.979   -8.594
 O  -13.402   -0.870   -8.243
 C  -12.202   -1.516  -10.912
 C  -12.602   -0.058  -10.889
 O  -11.792    0.823  -10.569
 N  -13.839    0.207  -11.250
 H  -11.405   -3.757  -10.400
 H  -11.082   -1.447   -9.173
 H  -11.464   -1.616  -11.533
 H  -12.964   -2.032  -11.218
 H  -14.120    1.020  -11.255
 H  -14.366   -0.432  -11.480
 N  -13.564   -3.104   -8.239
 C  -14.682   -3.055   -7.335
 C  -14.222   -2.916   -5.904
 O  -13.125   -3.336   -5.527
 C  -15.550   -4.285   -7.503
 C  -16.405   -4.257   -8.749
 O  -16.444   -3.252   -9.490
 O  -17.058   -5.308   -8.985
 H  -13.340   -3.891   -8.506
 H  -15.227   -2.278   -7.537
 H  -14.977   -5.067   -7.554
 H  -16.142   -4.357   -6.738
 N  -15.074   -2.286   -5.100
 C  -14.834   -2.185   -3.670
 C  -15.825   -3.103   -2.986
 O  -17.010   -2.800   -2.903
 C  -14.918   -0.752   -3.117
 C  -14.526   -0.796   -1.659
 C  -13.974    0.204   -3.881
 H  -15.799   -1.909   -5.367
 H  -13.932   -2.497   -3.494
 H  -15.820   -0.411   -3.223
 H  -14.391    0.110   -1.340
 H  -15.237   -1.222   -1.154
 H  -13.705   -1.304   -1.568
 H  -14.050    1.093   -3.501
 H  -13.063   -0.116   -3.795
 H  -14.232    0.221   -4.816
 N  -15.323   -4.250   -2.530
 C  -16.182   -5.206   -1.836
 C  -16.684   -4.637   -0.526
 O  -17.847   -4.837   -0.150
 C  -15.410   -6.496   -1.559
 H  -14.503   -4.496   -2.606
 H  -16.941   -5.408   -2.405
 H  -16.009   -7.142   -1.152
 H  -15.068   -6.845   -2.397
 H  -14.675   -6.301   -0.957
 N  -15.813   -3.954    0.208
 C  -16.170   -3.414    1.518
 C  -15.417   -2.118    1.731
 O  -14.192   -2.112    1.864
 C  -15.868   -4.406    2.628
 C  -16.117   -3.903    4.028
 C  -17.207   -3.117    4.372
 C  -15.256   -4.287    5.043
 C  -17.392   -2.743    5.690
 C  -15.458   -3.935    6.355
 C  -16.531   -3.157    6.685
 H  -15.003   -3.788   -0.031
 H  -17.120   -3.219    1.525
 H  -16.426   -5.189    2.499
 H  -14.932   -4.653    2.572
 H  -17.811   -2.842    3.720
 H  -14.513   -4.802    4.827
 H  -18.113   -2.200    5.912
 H  -14.868   -4.224    7.014
 H  -16.680   -2.910    7.569
 N  -16.171   -1.025    1.750
 C  -15.685    0.320    2.037
 C  -16.182    0.659    3.437
 O  -17.386    0.602    3.694
 C  -16.300    1.280    1.034
 C  -16.005    2.746    1.245
 N  -14.840    3.343    0.817
 C  -16.794    3.759    1.689
 C  -14.918    4.658    1.001
 N  -16.092    4.935    1.544
 H  -17.016   -1.040    1.591
 H  -14.717    0.380    2.000
 H  -15.971    1.047    0.152
 H  -17.264    1.174    1.067
 H  -14.165    2.929    0.483
 H  -17.655    3.674    2.030
 H  -14.259    5.278    0.785
 N  -15.247    0.992    4.328
 C  -15.508    1.301    5.736
 C  -15.028    2.740    5.941
 O  -13.825    3.006    5.816
 C  -14.723    0.343    6.647
 C  -14.774    0.673    8.103
 C  -15.804    0.236    8.932
 C  -13.732    1.389    8.682
 C  -15.768    0.514   10.306
 C  -13.720    1.672   10.010
 C  -14.749    1.251   10.827
 H  -14.412    1.048    4.128
 H  -16.452    1.223    5.946
 H  -15.086   -0.550    6.539
 H  -13.792    0.357    6.378
 H  -16.517   -0.242    8.574
 H  -13.028    1.680    8.148
 H  -16.442    0.194   10.862
 H  -13.011    2.155   10.372
 H  -14.747    1.470   11.731
 N  -15.960    3.683    6.185
 C  -15.676    5.125    6.048
 C  -16.187    5.937    7.228
 O  -17.298    6.493    7.185
 C  -16.251    5.595    4.708
 C  -16.182    7.107    4.451
 O  -17.066    7.634    3.761
 N  -15.162    7.784    4.948
 H  -16.765    3.508    6.431
 H  -14.718    5.269    6.085
 H  -15.758    5.159    3.995
 H  -17.185    5.339    4.670
 H  -15.103    8.632    4.817
 H  -14.557    7.376    5.404
 N  -15.378    6.052    8.289
 C  -15.649    7.038    9.353
 C  -15.633    8.449    8.776
 O  -14.643    8.886    8.172
 C  -14.499    6.813   10.342
 C  -14.045    5.368   10.069
 C  -14.213    5.220    8.607
 H  -16.495    6.863    9.795
 H  -13.782    7.444   10.169
 H  -14.817    6.914   11.253
 H  -13.118    5.253   10.330
 H  -14.606    4.743   10.553
 H  -13.426    5.540    8.139
 H  -14.382    4.293    8.376
 N  -16.755    9.143    8.953
 C  -16.921   10.541    8.565
 C  -17.042   11.344    9.854
 O  -17.964   11.115   10.656
 C  -18.177   10.713    7.723
 C  -18.076    9.992    6.423
 C  -19.302   10.181    5.552
 N  -19.166    9.378    4.350
 C  -20.027    9.358    3.344
 N  -21.110   10.115    3.370
 N  -19.782    8.601    2.275
 H  -17.462    8.810    9.312
 H  -16.161   10.852    8.050
 H  -18.938   10.358    8.209
 H  -18.312   11.656    7.539
 H  -17.307   10.327    5.935
 H  -17.973    9.043    6.594
 H  -20.095    9.895    6.033
 H  -19.386   11.114    5.299
 H  -18.471    8.876    4.286
 H  -21.262   10.626    4.045
 H  -21.664   10.095    2.713
 H  -19.066    8.127    2.239
 H  -20.341    8.588    1.621
 N  -16.101   12.249   10.089
 C  -16.059   13.021   11.320
 C  -16.953   14.249   11.297
 O  -17.192   14.841   12.356
 C  -14.626   13.475   11.630
 C  -13.721   12.338   12.046
 C  -13.260   11.413   11.121
 C  -13.383   12.150   13.378
 C  -12.445   10.337   11.520
 C  -12.545   11.055   13.777
 C  -12.120   10.143   12.845
 H  -15.466   12.436    9.540
 H  -16.357   12.440   12.038
 H  -14.247   13.883   10.836
 H  -14.650   14.119   12.355
 H  -13.492   11.505   10.225
 H  -13.704   12.741   14.020
 H  -12.121    9.746   10.879
 H  -12.290   10.964   14.666
 H  -11.618    9.404   13.104
 N  -17.455   14.654   10.127
 C  -18.288   15.843   10.065
 C  -19.178   15.705    8.839
 O  -18.916   16.265    7.769
 C  -17.485   17.137   10.029
 C  -18.376   18.361    9.984
 O  -19.609   18.257    9.985
 N  -17.762   19.527    9.908
 H  -17.326   14.259    9.374
 H  -18.848   15.870   10.857
 H  -16.934   17.193   10.826
 H  -16.924   17.142    9.237
 H  -18.221   20.254    9.880
 H  -16.903   19.560    9.887
 N  -20.220   14.919    8.976
 C  -21.264   14.843    7.966
 C  -22.463   15.553    8.584
 O  -23.067   15.041    9.532
 C  -21.598   13.398    7.613
 C  -22.612   13.363    6.469
 C  -23.171   11.980    6.207
 O  -23.913   11.483    7.094
 O  -22.853   11.377    5.142
 H  -20.351   14.409    9.656
 H  -20.985   15.282    7.147
 H  -20.792   12.937    7.331
 H  -21.982   12.954    8.385
 H  -23.355   13.947    6.689
 H  -22.180   13.668    5.656
 N  -22.747   16.784    8.130
 C  -23.817   17.603    8.728
 C  -23.593   17.772   10.232
 O  -24.535   17.698   11.023
 C  -25.204   16.995    8.436
 C  -26.361   17.826    8.979
 O  -26.314   19.061    8.994
 N  -27.394   17.138    9.474
 H  -22.334   17.166    7.479
 H  -23.795   18.488    8.331
 H  -25.318   16.921    7.476
 H  -25.253   16.117    8.845
 H  -28.075   17.556    9.793
 H  -27.379   16.278    9.472
 N  -22.330   17.934   10.641
 C  -21.967   18.142   12.042
 C  -22.226   16.933   12.931
 O  -22.302   17.059   14.156
 C  -22.606   19.422   12.572
 C  -22.116   20.595   11.835
 O  -22.853   21.243   11.095
 N  -20.856   20.891   12.018
 H  -21.656   17.926   10.108
 H  -21.006   18.264   12.101
 H  -23.569   19.371   12.465
 H  -22.382   19.531   13.509
 H  -20.511   21.567   11.614
 H  -20.374   20.410   12.542
 N  -22.337   15.748   12.336
 C  -22.417   14.487   13.053
 C  -21.262   13.601   12.627
 O  -20.685   13.767   11.556
 C  -23.742   13.776   12.745
 C  -24.925   14.697   13.002
 C  -26.277   14.070   12.792
 N  -27.308   15.069   13.068
 C  -28.600   14.803   13.164
 N  -29.026   13.556   13.004
 N  -29.457   15.785   13.423
 H  -22.369   15.651   11.482
 H  -22.361   14.642   14.009
 H  -23.756   13.510   11.812
 H  -23.830   12.995   13.313
 H  -24.885   14.998   13.924
 H  -24.861   15.456   12.402
 H  -26.365   13.772   11.873
 H  -26.393   13.320   13.396
 H  -27.057   15.884   13.176
 H  -28.463   12.928   12.839
 H  -29.865   13.378   13.065
 H  -29.171   16.589   13.528
 H  -30.298   15.617   13.486
 N  -20.942   12.662   13.500
 C  -19.935   11.641   13.241
 C  -19.939   11.644   13.232
 C  -20.659   10.333   12.950
 O  -21.542    9.934   13.701
 C  -18.987   11.507   14.437
 C  -18.983   11.527   14.415
 C  -18.401   12.865   14.894
 C  -18.451   12.906   14.864
 C  -17.156   12.717   15.738
 C  -17.289   12.761   15.745
 N  -17.421   12.257   17.096
 N  -16.936   13.942   16.503
 C  -16.471   11.887   17.955
 C  -16.166   14.926   16.065
 N  -15.185   11.892   17.594
 N  -15.688   14.926   14.826
 N  -16.808   11.490   19.173
 N  -15.858   15.907   16.891
 H  -21.306   12.592   14.276
 H  -21.303   12.592   14.278
 H  -19.393   11.869   12.469
 H  -19.408   11.863   12.451
 H  -19.473   11.124   15.183
 H  -19.448   11.122   15.163
 H  -18.248   10.929   14.190
 H  -18.225   10.977   14.160
 H  -18.171   13.389   14.111
 H  -18.183   13.419   14.085
 H  -19.066   13.333   15.422
 H  -19.147   13.379   15.348
 H  -16.567   12.072   15.316
 H  -17.475   12.054   16.383
 H  -16.715   13.579   15.798
 H  -16.521   12.525   15.202
 H  -18.240   12.221   17.359
 H  -17.251   14.011   17.300
 H  -14.962   12.136   16.800
 H  -15.877   14.278   14.292
 H  -14.579   11.652   18.156
 H  -15.189   15.573   14.557
 H  -17.635   11.472   19.406
 H  -16.156   15.899   17.698
 H  -16.198   11.251   19.731
 H  -15.359   16.554   16.623
 N  -20.319    9.699   11.840
 C  -21.022    8.488   11.436
 C  -20.050    7.600   10.681
 O  -19.101    8.080   10.066
 C  -22.265    8.821   10.583
 C  -21.872    9.539    9.283
 C  -23.139    7.584   10.273
 H  -19.690    9.946   11.308
 H  -21.316    8.004   12.224
 H  -22.810    9.420   11.117
 H  -22.676    9.852    8.840
 H  -21.299   10.291    9.498
 H  -21.399    8.916    8.709
 H  -23.920    7.866    9.771
 H  -22.620    6.953    9.751
 H  -23.414    7.174   11.109
 N  -20.254    6.297   10.767
 C  -19.533    5.353    9.929
 C  -20.438    4.984    8.762
 O  -21.550    4.475    8.975
 C  -19.206    4.070   10.712
 C  -18.669    4.340   12.110
 C  -18.278    3.184    9.868
 C  -17.373    4.883   12.125
 H  -20.813    5.932   11.309
 H  -18.719    5.771    9.606
 H  -20.035    3.590   10.866
 H  -19.258    4.970   12.554
 H  -18.645    3.505   12.602
 H  -17.957    2.451   10.415
 H  -18.774    2.839    9.109
 H  -17.529    3.718    9.557
 H  -17.142    5.125   13.036
 H  -16.749    4.220   11.791
 H  -17.354    5.671   11.559
 N  -19.947    5.154    7.533
 C  -20.651    4.724    6.322
 C  -19.940    3.515    5.729
 O  -18.723    3.579    5.486
 C  -20.700    5.874    5.302
 C  -21.392    5.438    4.017
 C  -21.370    7.095    5.928
 H  -19.188    5.525    7.373
 H  -21.552    4.451    6.554
 H  -19.796    6.126    5.056
 H  -21.583    6.222    3.479
 H  -20.805    4.837    3.531
 H  -22.218    4.982    4.243
 H  -21.490    7.774    5.245
 H  -22.231    6.832    6.288
 H  -20.804    7.437    6.638
 N  -20.686    2.438    5.462
 C  -20.136    1.276    4.778
 C  -20.886    1.043    3.475
 O  -22.097    1.263    3.404
 C  -20.249    0.022    5.654
 S  -19.263    0.167    7.183
 H  -21.517    2.365    5.671
 H  -19.201    1.435    4.575
 H  -21.178   -0.110    5.902
 H  -19.927   -0.745    5.156
 H  -18.103    0.257    6.892
 N  -20.184    0.573    2.455
 C  -20.835    0.336    1.176
 C  -19.926   -0.533    0.320
 O  -18.813   -0.912    0.705
 C  -21.125    1.689    0.492
 C  -22.280    1.664   -0.501
 O  -22.819    0.623   -0.863
 N  -22.627    2.851   -0.980
 H  -19.345    0.386    2.478
 H  -21.664   -0.148    1.311
 H  -21.343    2.341    1.176
 H  -20.331    1.967    0.009
 H  -23.272    2.915   -1.546
 H  -22.208    3.557   -0.724
 N  -20.423   -0.826   -0.876
 C  -19.765   -1.626   -1.904
 C  -19.891   -0.874   -3.217
 O  -20.943   -0.266   -3.498
 C  -20.481   -3.014   -2.058
 O  -20.329   -3.743   -0.843
 C  -20.034   -3.859   -3.284
 H  -21.196   -0.551   -1.133
 H  -18.831   -1.771   -1.686
 H  -21.418   -2.841   -2.239
 H  -19.514   -3.860   -0.678
 H  -20.430   -4.744   -3.238
 H  -20.319   -3.429   -4.105
 H  -19.068   -3.947   -3.292
 N  -18.829   -0.891   -4.007
 C  -18.795   -0.237   -5.306
 C  -18.657   -1.309   -6.386
 O  -17.684   -2.079   -6.371
 C  -17.643    0.771   -5.419
 C  -17.804    1.706   -6.642
 C  -16.784    2.779   -6.604
 C  -15.433    2.305   -6.975
 N  -14.427    3.452   -7.034
 H  -18.094   -1.288   -3.805
 H  -19.628    0.244   -5.432
 H  -17.620    1.319   -4.619
 H  -16.806    0.289   -5.513
 H  -17.687    1.196   -7.460
 H  -18.684    2.113   -6.628
 H  -17.037    3.478   -7.228
 H  -16.738    3.139   -5.704
 H  -15.126    1.665   -6.313
 H  -15.469    1.887   -7.849
 H  -14.697    4.063   -7.622
 H  -14.353    3.833   -6.234
 H  -13.629    3.144   -7.283
 N  -19.640   -1.398   -7.286
 C  -19.662   -2.403   -8.351
 C  -19.753   -1.702   -9.697
 O  -20.632   -0.855   -9.902
 C  -20.848   -3.359   -8.248
 C  -20.972   -4.127   -6.944
 C  -22.288   -4.877   -6.895
 C  -19.804   -5.060   -6.743
 H  -20.320   -0.872   -7.299
 H  -18.842   -2.916   -8.281
 H  -21.663   -2.843   -8.355
 H  -20.773   -4.012   -8.960
 H  -20.960   -3.496   -6.208
 H  -22.335   -5.379   -6.066
 H  -23.017   -4.238   -6.937
 H  -22.335   -5.482   -7.651
 H  -19.944   -5.571   -5.930
 H  -19.743   -5.659   -7.504
 H  -18.991   -4.537   -6.669
 N  -18.835   -2.031  -10.611
 C  -18.829   -1.410  -11.929
 C  -18.892    0.120  -11.830
 O  -19.572    0.804  -12.609
 C  -19.967   -1.936  -12.801
 C  -19.774   -3.366  -13.219
 O  -18.645   -3.893  -13.141
 O  -20.763   -3.975  -13.663
 H  -18.211   -2.610  -10.487
 H  -17.990   -1.642  -12.358
 H  -20.798   -1.881  -12.302
 H  -20.026   -1.395  -13.603
 N  -18.168    0.659  -10.864
 C  -17.997    2.085  -10.638
 C  -19.202    2.764  -10.007
 O  -19.214    4.005   -9.931
 C  -17.590    2.838  -11.908
 C  -16.231    3.512  -11.787
 O  -15.317    3.027  -11.104
 N  -16.101    4.663  -12.440
 H  -17.758    0.183  -10.276
 H  -17.279    2.176   -9.992
 H  -17.548    2.210  -12.647
 H  -18.249    3.524  -12.093
 H  -15.356    5.093  -12.411
 H  -16.761    4.978  -12.892
 N  -20.195    2.008   -9.541
 C  -21.374    2.548   -8.878
 C  -21.441    2.109   -7.418
 O  -21.370    0.904   -7.114
 C  -22.625    2.065   -9.593
 C  -22.658    2.483  -11.040
 O  -22.419    3.640  -11.362
 N  -22.936    1.535  -11.925
 H  -20.204    1.150   -9.603
 H  -21.319    3.516   -8.886
 H  -22.656    1.096   -9.559
 H  -23.405    2.438   -9.154
 H  -22.967    1.725  -12.763
 H  -23.086    0.730  -11.660
 N  -21.607    3.089   -6.528
 C  -21.870    2.795   -5.126
 C  -23.279    2.226   -4.933
 O  -24.230    2.577   -5.632
 C  -21.688    4.051   -4.270
 C  -20.265    4.449   -4.153
 C  -19.671    5.530   -4.726
 C  -19.251    3.784   -3.398
 N  -18.326    5.551   -4.423
 C  -18.051    4.499   -3.580
 C  -19.237    2.633   -2.605
 C  -16.852    4.104   -2.989
 C  -18.052    2.268   -1.993
 C  -16.878    2.982   -2.208
 H  -21.572    3.929   -6.712
 H  -21.236    2.127   -4.822
 H  -22.175    4.785   -4.676
 H  -22.028    3.880   -3.378
 H  -20.109    6.164   -5.246
 H  -17.755    6.124   -4.713
 H  -20.008    2.125   -2.490
 H  -16.067    4.583   -3.121
 H  -18.040    1.530   -1.427
 H  -16.090    2.689   -1.810
 N  -23.403    1.307   -3.995
 C  -24.671    0.706   -3.704
 C  -25.366    1.366   -2.531
 O  -25.157    2.547   -2.228
 H  -22.751    1.019   -3.513
 H  -25.248    0.780   -4.481
 H  -24.542   -0.232   -3.494
 N  -26.204    0.593   -1.850
 C  -26.928    1.093   -0.682
 C  -26.020    1.180    0.545
 O  -25.389    0.191    0.930
 C  -28.095    0.145   -0.410
 C  -28.677    0.146    0.985
 C  -29.621   -1.041    1.227
 N  -29.039   -2.310    0.797
 C  -28.366   -3.153    1.576
 N  -28.161   -2.895    2.864
 N  -27.882   -4.264    1.055
 H  -26.375   -0.227   -2.043
 H  -27.253    1.991   -0.850
 H  -28.816    0.378   -1.016
 H  -27.793   -0.760   -0.587
 H  -27.955    0.094    1.630
 H  -29.182    0.964    1.118
 H  -29.815   -1.105    2.175
 H  -30.442   -0.902    0.729
 H  -29.139   -2.530   -0.029
 H  -28.466   -2.170    3.211
 H  -27.723   -3.453    3.350
 H  -27.446   -4.816    1.549
 H  -28.004   -4.436    0.221
 N  -25.966    2.356    1.174
 C  -25.083    2.548    2.309
 C  -25.658    1.860    3.532
 O  -26.880    1.787    3.714
 C  -24.919    4.041    2.606
 C  -24.116    4.775    1.548
 C  -23.999    6.268    1.770
 O  -24.723    6.853    2.610
 O  -23.151    6.854    1.071
 H  -26.429    3.050    0.961
 H  -24.210    2.174    2.112
 H  -25.798    4.451    2.651
 H  -24.461    4.145    3.455
 H  -23.217    4.411    1.535
 H  -24.542    4.640    0.687
 N  -24.759    1.356    4.374
 C  -25.098    0.928    5.722
 C  -24.425    1.873    6.705
 O  -23.207    2.051    6.655
 C  -24.689   -0.528    6.008
 C  -25.363   -1.486    5.063
 C  -24.947   -2.935    5.235
 O  -24.573   -3.353    6.353
 O  -24.954   -3.690    4.239
 H  -23.928    1.252    4.177
 H  -26.060    0.972    5.837
 H  -23.729   -0.619    5.901
 H  -24.945   -0.761    6.914
 H  -26.322   -1.437    5.205
 H  -25.149   -1.226    4.154
 N  -25.196    2.448    7.618
 C  -24.697    3.491    8.500
 C  -24.747    3.084    9.963
 O  -25.745    2.530   10.423
 C  -25.468    4.777    8.266
 C  -25.080    5.403    6.968
 C  -26.106    6.443    6.543
 N  -25.541    7.198    5.437
 C  -24.931    8.363    5.590
 N  -24.860    8.936    6.787
 N  -24.410    8.961    4.543
 H  -26.022    2.247    7.745
 H  -23.757    3.641    8.311
 H  -26.418    4.584    8.244
 H  -25.274    5.404    8.981
 H  -24.219    5.840    7.063
 H  -25.031    4.720    6.281
 H  -26.922    6.008    6.250
 H  -26.296    7.045    7.279
 H  -25.607    6.872    4.644
 H  -25.212    8.549    7.470
 H  -24.462    9.693    6.879
 H  -24.466    8.595    3.766
 H  -24.012    9.718    4.633
 N  -23.645    3.354   10.674
 C  -23.472    3.068   12.096
 C  -23.145    4.379   12.792
 O  -22.103    4.991   12.522
 C  -22.342    2.060   12.256
 C  -21.861    1.843   13.683
 C  -22.931    1.336   14.626
 O  -23.896    2.044   14.919
 N  -22.779    0.084   15.089
 H  -22.949    3.724   10.329
 H  -24.285    2.712   12.489
 H  -22.646    1.203   11.920
 H  -21.582    2.368   11.739
 H  -21.144    1.190   13.674
 H  -21.537    2.688   14.034
 H  -22.100   -0.385   14.847
 H  -23.362   -0.248   15.628
 N  -24.045    4.822   13.665
 C  -23.843    6.050   14.428
 C  -23.836    6.053   14.422
 C  -22.988    5.853   15.674
 O  -22.533    6.840   16.261
 C  -25.189    6.643   14.841
 C  -25.168    6.728   14.758
 O  -25.930    5.716   15.621
 O  -25.623    7.477   13.638
 H  -24.789    4.425   13.835
 H  -23.391    6.687   13.853
 H  -25.034    7.444   15.365
 H  -25.824    6.048   14.976
 H  -25.697    6.861   14.043
 H  -25.043    7.324   15.513
 H  -26.106    5.032   15.166
 H  -25.033    8.025   13.399
 N  -22.763    4.623   16.111
 C  -21.749    4.394   17.125
 C  -20.405    4.735   16.505
 O  -20.058    4.217   15.438
 C  -21.777    2.948   17.610
 C  -20.626    2.699   18.608
 C  -23.104    2.603   18.236
 H  -23.175    3.917   15.842
 H  -23.175    3.917   15.842
 H  -21.910    4.968   17.891
 H  -21.657    2.366   16.844
 H  -20.779    1.856   19.063
 H  -19.788    2.664   18.121
 H  -20.604    3.423   19.253
 H  -23.068    1.693   18.570
 H  -23.278    3.216   18.967
 H  -23.800    2.682   17.566
 N  -19.666    5.646   17.140
 C  -18.493    6.250   16.503
 C  -17.336    6.239   17.485
 O  -17.273    7.097   18.387
 C  -18.775    7.665   16.028
 C  -17.748    8.206   15.091
 C  -16.691    8.897   15.581
 C  -17.877    8.064   13.720
 C  -15.750    9.413   14.740
 C  -16.941    8.572   12.866
 C  -15.866    9.280   13.390
 H  -19.824    5.928   17.937
 H  -18.249    5.716   15.731
 H  -19.629    7.674   15.567
 H  -18.808    8.252   16.800
 H  -16.607    9.021   16.499
 H  -18.614    7.615   13.375
 H  -15.017    9.863   15.095
 H  -17.021    8.446   11.948
 H  -15.232    9.659   12.824
 N  -16.440    5.254   17.377
 C  -15.435    5.050   18.419
 C  -14.155    5.814   18.214
 O  -13.289    5.735   19.087
 C  -15.128    3.544   18.307
 C  -15.350    3.203   16.846
 C  -16.565    4.077   16.488
 H  -15.819    5.256   19.286
 H  -14.208    3.376   18.566
 H  -15.731    3.041   18.876
 H  -14.572    3.440   16.318
 H  -15.547    2.259   16.742
 H  -16.529    4.347   15.557
 H  -17.392    3.602   16.664
 N  -13.991    6.490   17.087
 C  -12.776    7.229   16.793
 C  -12.851    8.608   17.402
 O  -13.932    9.210   17.525
 C  -12.573    7.368   15.277
 C  -12.512    6.057   14.563
 C  -11.329    5.367   14.522
 C  -13.634    5.489   13.986
 C  -11.234    4.136   13.887
 C  -13.558    4.260   13.341
 C  -12.362    3.567   13.305
 H  -14.582    6.536   16.465
 H  -12.017    6.753   17.165
 H  -13.313    7.874   14.907
 H  -11.738    7.834   15.114
 H  -10.575    5.730   14.927
 H  -14.449    5.935   14.031
 H  -10.418    3.693   13.851
 H  -14.313    3.902   12.933
 H  -12.312    2.732   12.898
 N  -11.673    9.132   17.720
 C  -11.550   10.458   18.289
 C  -10.376   11.166   17.641
 O   -9.270   10.616   17.569
 C  -11.426   10.422   19.819
 C  -12.712    9.869   20.483
 C  -12.649    9.702   22.015
 O  -11.805    8.917   22.546
 O  -13.473   10.367   22.696
 H  -10.921    8.729   17.611
 H  -12.348   10.973   18.090
 H  -10.684    9.848   20.067
 H  -11.274   11.321   20.150
 H  -13.442   10.478   20.289
 H  -12.900    8.995   20.106
 N  -10.605   12.387   17.168
 C   -9.523   13.129   16.550
 C   -8.349   13.249   17.504
 O   -8.512   13.493   18.702
 C  -10.003   14.516   16.172
 O  -10.930   14.395   15.132
 H  -11.361   12.797   17.192
 H   -9.230   12.665   15.751
 H  -10.426   14.934   16.938
 H   -9.250   15.052   15.876
 H  -11.187   15.156   14.886
 N   -7.155   13.078   16.965
 C   -5.937   13.158   17.726
 C   -5.527   11.905   18.478
 O   -4.423   11.891   19.027
 H   -7.026   12.909   16.131
 H   -5.213   13.381   17.121
 H   -6.032   13.868   18.380
 N   -6.343   10.822   18.477
 C   -6.063    9.697   19.371
 C   -5.681    8.430   18.614
 O   -6.134    8.186   17.495
 C   -7.259    9.344   20.267
 C   -7.725   10.447   21.179
 C   -8.565    9.922   22.344
 C   -9.359   11.015   23.047
 N  -10.078   10.420   24.196
 H   -7.039   10.730   17.980
 H   -5.317    9.970   19.929
 H   -8.006    9.103   19.698
 H   -7.010    8.591   20.825
 H   -6.952   10.904   21.546
 H   -8.269   11.070   20.672
 H   -9.194    9.265   22.008
 H   -7.976    9.514   22.998
 H   -8.759   11.704   23.372
 H  -10.006   11.400   22.435
 H   -9.496   10.066   24.768
 H  -10.551   11.046   24.616
 H  -10.630    9.782   23.912
 N   -4.847    7.602   19.249
 C   -4.483    6.305   18.673
 C   -5.651    5.357   18.664
 O   -6.460    5.319   19.585
 C   -3.390    5.801   19.619
 C   -3.543    6.575   20.839
 C   -4.153    7.864   20.518
 H   -4.136    6.413   17.774
 H   -3.516    4.855   19.792
 H   -2.518    5.951   19.221
 H   -4.111    6.084   21.453
 H   -2.668    6.713   21.235
 H   -4.781    8.129   21.207
 H   -3.475    8.548   20.405
 N   -5.695    4.544   17.610
 C   -6.761    3.584   17.400
 C   -6.194    2.269   16.889
 O   -5.092    2.200   16.349
 C   -7.803    4.067   16.370
 C   -7.261    4.210   14.993
 C   -7.200    3.127   14.136
 C   -6.780    5.414   14.557
 C   -6.684    3.247   12.889
 C   -6.232    5.534   13.288
 C   -6.192    4.454   12.445
 H   -5.100    4.534   16.989
 H   -7.188    3.445   18.260
 H   -8.530    3.425   16.337
 H   -8.138    4.934   16.648
 H   -7.519    2.301   14.421
 H   -6.821    6.157   15.115
 H   -6.663    2.506   12.327
 H   -5.890    6.352   13.008
 H   -5.839    4.535   11.589
 N   -6.984    1.223   17.077
 C   -6.768   -0.078   16.457
 C   -8.066   -0.478   15.772
 O   -9.109   -0.503   16.413
 C   -6.412   -1.107   17.531
 C   -6.199   -2.501   16.936
 C   -5.636   -3.497   17.927
 C   -6.598   -3.734   19.088
 N   -6.002   -4.650   20.121
 H   -7.682    1.244   17.580
 H   -6.056   -0.037   15.799
 H   -5.592   -0.836   17.973
 H   -7.135   -1.158   18.176
 H   -7.051   -2.842   16.623
 H   -5.576   -2.434   16.196
 H   -5.483   -4.344   17.480
 H   -4.802   -3.157   18.287
 H   -6.803   -2.887   19.513
 H   -7.412   -4.142   18.752
 H   -5.834   -5.447   19.761
 H   -5.241   -4.306   20.429
 H   -6.568   -4.754   20.799
 N   -8.012   -0.772   14.477
 C   -9.138   -1.363   13.760
 C   -8.783   -2.820   13.479
 O   -7.704   -3.104   12.930
 C   -9.434   -0.651   12.426
 C   -9.710    0.833   12.631
 C  -10.641   -1.335   11.744
 C   -9.759    1.626   11.320
 H   -7.319   -0.636   13.985
 H   -9.927   -1.302   14.321
 H   -8.649   -0.722   11.861
 H  -10.567    0.934   13.073
 H   -9.006    1.210   13.181
 H  -10.887   -0.828   10.955
 H  -10.392   -2.238   11.493
 H  -11.384   -1.358   12.367
 H   -9.795    2.574   11.526
 H   -8.963    1.430   10.802
 H  -10.550    1.366   10.823
 N   -9.645   -3.748   13.887
 C   -9.497   -5.165   13.560
 C   -9.485   -5.156   13.547
 C  -10.659   -5.575   12.676
 O  -11.817   -5.329   13.027
 C   -9.522   -6.038   14.814
 C   -9.260   -6.019   14.784
 C   -8.347   -5.785   15.752
 C   -7.805   -5.730   15.271
 C   -8.547   -6.419   17.096
 C   -7.332   -6.604   16.403
 O   -9.594   -6.244   17.730
 O   -6.243   -7.194   16.345
 N   -7.569   -7.233   17.520
 N   -8.119   -6.661   17.460
 H  -10.339   -3.576   14.365
 H   -8.654   -5.297   13.098
 H  -10.339   -5.857   15.305
 H   -9.890   -5.782   15.482
 H   -9.495   -6.970   14.548
 H   -9.348   -6.960   14.562
 H   -7.541   -6.156   15.360
 H   -7.198   -5.865   14.527
 H   -8.243   -4.829   15.881
 H   -7.758   -4.810   15.575
 H   -6.877   -7.366   17.027
 H   -8.853   -6.213   17.475
 H   -7.634   -7.622   18.284
 H   -7.897   -7.145   18.136
 N  -10.355   -6.145   11.513
 C  -11.382   -6.647   10.599
 C  -11.185   -8.146   10.508
 O  -10.145   -8.601   10.030
 C  -11.315   -6.013    9.209
 C  -12.461   -6.552    8.365
 C  -11.307   -4.503    9.285
 H   -9.551   -6.253   11.228
 H  -12.256   -6.452   10.972
 H  -10.481   -6.253    8.776
 H  -12.511   -6.044    7.540
 H  -12.296   -7.487    8.169
 H  -13.289   -6.459    8.862
 H  -11.331   -4.142    8.385
 H  -12.087   -4.208    9.781
 H  -10.499   -4.214    9.736
 N  -12.130   -8.893   11.053
 C  -12.075  -10.344   11.048
 C  -13.012  -10.811    9.958
 O  -14.204  -10.475    9.977
 C  -12.498  -10.907   12.399
 C  -12.522  -12.432   12.479
 C  -11.169  -13.039   12.102
 C  -12.975  -12.878   13.845
 H  -12.828   -8.574   11.441
 H  -11.174  -10.657   10.868
 H  -11.878  -10.589   13.073
 H  -13.394  -10.591   12.596
 H  -13.160  -12.770   11.831
 H  -11.169  -13.981   12.334
 H  -11.030  -12.933   11.148
 H  -10.469  -12.578   12.591
 H  -12.873  -13.841   13.914
 H  -12.431  -12.439   14.518
 H  -13.907  -12.636   13.964
 N  -12.475  -11.535    8.989
 C  -13.325  -12.105    7.949
 C  -14.021  -13.338    8.518
 O  -13.380  -14.286    8.987
 C  -12.519  -12.447    6.697
 C  -13.431  -12.987    5.570
 C  -11.682  -11.218    6.274
 H  -11.636  -11.709    8.910
 H  -14.003  -11.458    7.700
 H  -11.898  -13.167    6.888
 H  -12.900  -13.111    4.767
 H  -13.811  -13.834    5.849
 H  -14.138  -12.345    5.402
 H  -11.337  -11.364    5.379
 H  -12.249  -10.431    6.285
 H  -10.947  -11.106    6.897
 N  -15.334  -13.329    8.459
 C  -16.179  -14.449    8.860
 C  -16.178  -14.450    8.862
 C  -16.929  -14.978    7.642
 O  -16.890  -14.371    6.559
 C  -17.125  -13.980    9.967
 C  -17.140  -13.997    9.965
 C  -16.372  -13.534   11.210
 C  -16.468  -13.544   11.275
 C  -17.240  -13.393   12.430
 C  -16.014  -14.689   12.192
 O  -18.409  -12.971   12.303
 O  -15.825  -15.830   11.698
 O  -16.737  -13.701   13.528
 O  -15.898  -14.432   13.425
 H  -15.789  -12.656    8.178
 H  -15.790  -12.656    8.177
 H  -15.653  -15.186    9.206
 H  -17.647  -13.230    9.643
 H  -17.659  -13.249    9.630
 H  -17.713  -14.711   10.214
 H  -17.728  -14.738   10.181
 H  -15.686  -14.190   11.411
 H  -15.682  -13.019   11.053
 H  -15.965  -12.671   11.035
 H  -17.098  -13.002   11.774
 N  -17.597  -16.143    7.758
 C  -18.231  -16.740    6.565
 C  -19.235  -15.839    5.883
 O  -19.293  -15.858    4.653
 C  -18.842  -18.051    7.089
 C  -17.889  -18.403    8.245
 C  -17.548  -17.074    8.901
 H  -17.545  -16.967    5.918
 H  -19.748  -17.906    7.403
 H  -18.835  -18.733    6.399
 H  -18.335  -18.994    8.872
 H  -17.091  -18.831    7.896
 H  -18.206  -16.837    9.573
 H  -16.663  -17.096    9.296
 N  -19.994  -15.035    6.624
 C  -21.032  -14.242    6.010
 C  -20.792  -12.749    6.079
 O  -21.569  -12.009    5.472
 C  -22.399  -14.498    6.656
 C  -23.046  -15.780    6.229
 O  -22.548  -16.421    5.260
 O  -24.093  -16.107    6.902
 H  -19.920  -14.939    7.476
 H  -21.067  -14.518    5.081
 H  -22.287  -14.532    7.619
 H  -22.997  -13.773    6.418
 N  -19.724  -12.289    6.723
 N  -19.806  -12.289    6.860
 C  -19.583  -10.852    6.891
 C  -19.617  -10.861    7.096
 C  -18.155  -10.551    7.277
 C  -18.133  -10.567    7.246
 O  -17.427  -11.409    7.788
 O  -17.336  -11.444    7.592
 C  -20.537  -10.324    7.969
 C  -20.271  -10.375    8.416
 C  -20.546  -11.158    9.205
 C  -21.734  -10.671    8.536
 N  -21.566  -12.034    9.508
 N  -22.213  -11.903    8.924
 C  -19.631  -11.282   10.193
 C  -22.822   -9.888    8.347
 C  -21.276  -12.655   10.637
 C  -23.534  -11.878    8.924
 N  -20.114  -12.208   11.079
 N  -23.928  -10.663    8.592
 H  -19.095  -12.771    7.057
 H  -19.235  -12.789    7.263
 H  -19.777  -10.408    6.050
 H  -20.002  -10.401    6.333
 H  -20.265   -9.427    8.217
 H  -19.823  -10.809    9.159
 H  -21.438  -10.311    7.612
 H  -20.161   -9.413    8.479
 H  -18.824  -10.824   10.259
 H  -22.820   -8.991    8.099
 H  -21.803  -13.300   11.052
 H  -24.092  -12.596    9.124
 H  -19.725  -12.457   11.804
 H  -24.745  -10.400    8.537
 N  -17.781   -9.293    7.039
 C  -16.641   -8.694    7.713
 C  -17.112   -8.217    9.084
 O  -18.139   -7.523    9.199
 C  -16.104   -7.490    6.954
 C  -15.558   -7.807    5.603
 C  -14.245   -8.169    5.476
 C  -16.332   -7.691    4.466
 C  -13.703   -8.373    4.215
 C  -15.806   -7.938    3.227
 C  -14.494   -8.294    3.093
 H  -18.177   -8.766    6.487
 H  -18.195   -8.758    6.508
 H  -15.929   -9.349    7.784
 H  -16.824   -6.851    6.836
 H  -15.388   -7.091    7.473
 H  -13.716   -8.278    6.234
 H  -17.224   -7.442    4.543
 H  -12.797   -8.565    4.128
 H  -16.344   -7.864    2.472
 H  -14.139   -8.480    2.254
 N  -16.353   -8.557   10.115
 C  -16.635   -8.166   11.489
 C  -15.583   -7.162   11.950
 O  -14.386   -7.474   11.964
 C  -16.651   -9.412   12.387
 C  -17.144   -9.115   13.815
 C  -17.187  -10.370   14.682
 C  -15.809  -10.831   15.117
 N  -15.840  -12.174   15.763
 H  -15.641   -9.033   10.039
 H  -17.498   -7.726   11.547
 H  -17.242  -10.074   11.997
 H  -15.750   -9.767   12.449
 H  -16.544   -8.479   14.234
 H  -18.041   -8.747   13.772
 H  -17.707  -10.185   15.480
 H  -17.599  -11.089   14.178
 H  -15.232  -10.883   14.339
 H  -15.448  -10.196   15.756
 H  -15.017  -12.416   16.001
 H  -16.355  -12.151   16.489
 H  -16.165  -12.777   15.196
 N  -16.028   -5.960   12.332
 C  -15.124   -4.866   12.665
 C  -15.202   -4.567   14.155
 O  -16.288   -4.336   14.692
 C  -15.418   -3.589   11.869
 C  -14.408   -2.498   12.229
 C  -15.413   -3.858   10.402
 H  -16.861   -5.759   12.403
 H  -14.227   -5.169   12.453
 H  -16.305   -3.272   12.102
 H  -14.482   -1.774   11.588
 H  -14.601   -2.170   13.121
 H  -13.514   -2.873   12.202
 H  -15.544   -3.023    9.927
 H  -14.560   -4.249   10.155
 H  -16.132   -4.474   10.191
 N  -14.040   -4.552   14.809
 C  -13.897   -4.088   16.176
 C  -12.905   -2.940   16.178
 O  -11.901   -2.963   15.451
 C  -13.378   -5.195   17.122
 H  -13.299   -4.817   14.462
 H  -14.760   -3.798   16.511
 H  -13.297   -4.832   18.018
 H  -14.007   -5.933   17.120
 H  -12.512   -5.498   16.808
 N  -13.154   -1.937   17.002
 C  -12.255   -0.795   17.139
 C  -11.864   -0.696   18.605
 O  -12.722   -0.752   19.496
 C  -12.872    0.524   16.636
 C  -11.929    1.698   16.911
 C  -13.203    0.401   15.168
 H  -13.852   -1.893   17.504
 H  -11.460   -0.954   16.607
 H  -13.696    0.706   17.113
 H  -12.229    2.470   16.405
 H  -11.943    1.899   17.860
 H  -11.031    1.453   16.637
 H  -13.571    1.242   14.856
 H  -12.392    0.192   14.678
 H  -13.853   -0.309   15.049
 N  -10.567   -0.643   18.858
 C  -10.050   -0.562   20.227
 C  -10.601   -1.690   21.086
 O  -10.994   -1.492   22.238
 C  -10.308    0.807   20.858
 C   -9.733    1.935   20.038
 O   -8.780    1.743   19.297
 N  -10.247    3.149   20.239
 H   -9.956   -0.652   18.253
 H   -9.087   -0.671   20.190
 H  -11.265    0.947   20.933
 H   -9.899    0.834   21.737
 H   -9.949    3.821   19.793
 H  -10.877    3.259   20.815
 N  -10.644   -2.895   20.500
 C  -11.080   -4.135   21.163
 C  -12.574   -4.191   21.468
 O  -13.025   -5.090   22.187
 C  -10.224   -4.476   22.377
 C   -8.813   -4.783   21.984
 O   -8.608   -5.715   21.176
 O   -7.912   -4.079   22.476
 H  -10.414   -3.020   19.681
 H  -10.943   -4.861   20.535
 H  -10.215   -3.721   22.985
 H  -10.593   -5.256   22.821
 N  -13.377   -3.304   20.900
 C  -14.822   -3.332   21.105
 C  -15.536   -3.551   19.782
 O  -15.297   -2.812   18.817
 C  -15.317   -2.023   21.738
 H  -13.106   -2.670   20.386
 H  -15.035   -4.073   21.693
 H  -16.279   -2.069   21.847
 H  -14.891   -1.910   22.602
 H  -15.085   -1.283   21.155
 N  -16.405   -4.551   19.728
 C  -17.159   -4.799   18.509
 C  -17.867   -3.535   18.064
 O  -18.562   -2.905   18.862
 C  -18.204   -5.868   18.761
 C  -19.042   -6.146   17.570
 N  -18.535   -6.717   16.416
 C  -20.321   -5.815   17.305
 C  -19.514   -6.824   15.536
 N  -20.604   -6.277   16.049
 H  -16.575   -5.094   20.373
 H  -16.552   -5.094   17.812
 H  -17.758   -6.692   19.013
 H  -18.789   -5.575   19.477
 H  -20.901   -5.359   17.870
 H  -19.449   -7.219   14.697
 H  -21.367   -6.220   15.656
 N  -17.793   -3.231   16.763
 C  -18.471   -2.074   16.184
 C  -19.589   -2.442   15.220
 O  -20.703   -1.925   15.354
 C  -17.438   -1.223   15.449
 C  -17.995    0.025   14.776
 C  -18.721    0.961   15.789
 C  -16.920    0.755   13.954
 H  -17.346   -3.691   16.190
 H  -18.872   -1.558   16.901
 H  -16.767   -0.936   16.088
 H  -17.027   -1.768   14.759
 H  -18.674   -0.254   14.143
 H  -18.933    1.799   15.349
 H  -19.537    0.529   16.089
 H  -18.136    1.123   16.545
 H  -17.313    1.544   13.551
 H  -16.193    1.012   14.543
 H  -16.592    0.159   13.263
 N  -19.316   -3.279   14.220
 C  -20.319   -3.580   13.203
 C  -19.946   -4.841   12.440
 O  -18.794   -5.290   12.462
 C  -20.527   -2.376   12.263
 C  -19.342   -1.961   11.386
 C  -19.133   -2.840   10.150
 C  -19.556   -0.520   10.910
 H  -18.564   -3.683   14.111
 H  -21.162   -3.777   13.641
 H  -21.261   -2.589   11.665
 H  -20.757   -1.608   12.809
 H  -18.546   -2.054   11.932
 H  -18.539   -2.384    9.534
 H  -18.740   -3.683   10.425
 H  -19.991   -2.998    9.726
 H  -18.792   -0.246   10.378
 H  -20.363   -0.481   10.374
 H  -19.644    0.059   11.684
 N  -20.927   -5.377   11.728
 C  -20.711   -6.422   10.744
 C  -21.225   -5.937    9.397
 O  -22.213   -5.193    9.319
 C  -21.439   -7.704   11.129
 C  -20.914   -8.366   12.382
 C  -21.717   -9.541   12.832
 O  -22.664   -9.970   12.170
 N  -21.338  -10.083   13.971
 H  -21.751   -5.141   11.802
 H  -19.765   -6.623   10.675
 H  -22.375   -7.497   11.276
 H  -21.351   -8.340   10.402
 H  -20.010   -8.674   12.215
 H  -20.916   -7.715   13.101
 H  -20.669   -9.756   14.401
 H  -21.761  -10.763   14.285
 N  -20.559   -6.369    8.336
 C  -20.950   -6.025    6.972
 C  -21.091   -7.297    6.160
 O  -20.098   -7.976    5.889
 C  -19.927   -5.095    6.345
 C  -20.353   -4.512    5.031
 C  -21.123   -3.361    4.987
 C  -19.951   -5.088    3.819
 C  -21.510   -2.814    3.787
 C  -20.343   -4.540    2.591
 C  -21.108   -3.378    2.587
 O  -21.479   -2.782    1.389
 H  -19.864   -6.874    8.382
 H  -21.814   -5.586    6.986
 H  -19.763   -4.359    6.955
 H  -19.107   -5.591    6.196
 H  -21.381   -2.952    5.782
 H  -19.416   -5.849    3.830
 H  -22.049   -2.057    3.781
 H  -20.095   -4.946    1.792
 H  -21.027   -3.102    0.757
 N  -22.322   -7.627    5.777
 C  -22.587   -8.864    5.041
 C  -21.870   -8.843    3.694
 O  -21.822   -7.818    3.010
 C  -24.104   -9.014    4.823
 C  -24.483  -10.392    4.194
 O  -24.710  -10.537    2.979
 N  -24.596  -11.391    5.053
 H  -23.024   -7.154    5.930
 H  -22.264   -9.626    5.547
 H  -24.556   -8.939    5.678
 H  -24.409   -8.315    4.224
 H  -24.803  -12.178    4.773
 H  -24.463  -11.255    5.892
 N  -21.343  -10.002    3.289
 C  -20.596  -10.071    2.039
 C  -21.542   -9.898    0.856
 O  -22.371  -10.779    0.574
 C  -19.893  -11.411    1.890
 C  -18.796  -11.654    2.849
 N  -17.752  -10.774    3.031
 C  -18.588  -12.686    3.694
 C  -16.943  -11.257    3.961
 N  -17.423  -12.433    4.366
 H  -21.406  -10.747    3.714
 H  -19.939   -9.357    2.055
 H  -20.548  -12.116    2.015
 H  -19.516  -11.462    0.998
 H  -19.135  -13.431    3.800
 H  -16.172  -10.846    4.278
 H  -17.060  -12.947    4.952
 N  -21.402   -8.792    0.136
 C  -22.091   -8.558   -1.127
 C  -21.295   -9.126   -2.289
 O  -21.873   -9.689   -3.227
 C  -22.330   -7.058   -1.351
 C  -23.152   -6.421   -0.245
 C  -23.555   -5.038   -0.598
 N  -24.055   -4.322    0.565
 C  -24.272   -3.012    0.591
 N  -24.183   -2.280   -0.515
 N  -24.650   -2.426    1.718
 H  -20.895   -8.137    0.366
 H  -22.962   -8.982   -1.096
 H  -21.473   -6.603   -1.387
 H  -22.806   -6.935   -2.187
 H  -23.956   -6.945   -0.100
 H  -22.626   -6.387    0.569
 H  -22.787   -4.558   -0.945
 H  -24.258   -5.068   -1.265
 H  -24.221   -4.774    1.278
 H  -23.982   -2.654   -1.263
 H  -24.326   -1.433   -0.482
 H  -24.755   -2.895    2.432
 H  -24.791   -1.578    1.736
 N  -19.976   -8.960   -2.233
 C  -19.044   -9.582   -3.168
 C  -18.683  -10.952   -2.606
 O  -18.170  -11.056   -1.486
 C  -17.797   -8.701   -3.353
 C  -16.755   -9.400   -4.176
 C  -18.193   -7.328   -3.982
 H  -19.585   -8.475   -1.642
 H  -19.459   -9.704   -4.036
 H  -17.404   -8.531   -2.482
 H  -16.057   -8.766   -4.406
 H  -16.382  -10.130   -3.659
 H  -17.169   -9.743   -4.983
 H  -17.386   -6.843   -4.216
 H  -18.725   -7.487   -4.778
 H  -18.708   -6.820   -3.336
 N  -19.010  -12.000   -3.340
 C  -18.966  -13.349   -2.793
 C  -17.696  -14.098   -3.122
 O  -17.445  -15.143   -2.505
 C  -20.217  -14.093   -3.228
 C  -21.398  -13.317   -2.509
 C  -22.715  -13.825   -2.749
 C  -23.747  -12.851   -2.242
 N  -23.901  -12.778   -0.791
 H  -19.262  -11.958   -4.161
 H  -18.983  -13.323   -1.824
 H  -20.328  -14.056   -4.191
 H  -20.193  -15.017   -2.932
 H  -21.248  -13.353   -1.552
 H  -21.387  -12.396   -2.813
 H  -22.848  -13.950   -3.702
 H  -22.829  -14.669   -2.285
 H  -23.504  -11.963   -2.548
 H  -24.609  -13.103   -2.608
 H  -24.575  -12.236   -0.583
 H  -24.070  -13.588   -0.462
 H  -23.154  -12.467   -0.421
 N  -16.920  -13.619   -4.098
 C  -15.649  -14.232   -4.481
 C  -14.582  -13.684   -3.539
 O  -13.785  -12.801   -3.880
 C  -15.342  -13.922   -5.939
 C  -16.321  -14.601   -6.898
 C  -16.132  -14.162   -8.333
 C  -16.998  -14.924   -9.282
 N  -16.941  -14.390  -10.624
 H  -17.115  -12.922   -4.563
 H  -15.691  -15.195   -4.380
 H  -15.399  -12.964   -6.078
 H  -14.448  -14.235   -6.148
 H  -16.188  -15.561   -6.859
 H  -17.228  -14.381   -6.634
 H  -16.357  -13.221   -8.409
 H  -15.208  -14.304   -8.590
 H  -16.703  -15.847   -9.311
 H  -17.919  -14.879   -8.978
 H  -16.102  -14.401  -10.921
 H  -17.446  -14.881  -11.169
 H  -17.239  -13.552  -10.632
 N  -14.571  -14.241   -2.321
 C  -13.664  -13.769   -1.283
 C  -12.225  -13.886   -1.737
 O  -11.397  -13.025   -1.417
 C  -13.885  -14.519    0.018
 C  -15.261  -14.401    0.654
 C  -15.256  -15.115    1.988
 C  -15.723  -12.999    0.802
 H  -15.078  -14.890   -2.073
 H  -13.856  -12.835   -1.106
 H  -13.730  -15.461   -0.149
 H  -13.244  -14.187    0.667
 H  -15.904  -14.820    0.061
 H  -16.132  -15.028    2.396
 H  -15.051  -16.052    1.844
 H  -14.583  -14.713    2.560
 H  -16.564  -12.992    1.284
 H  -15.055  -12.497    1.296
 H  -15.843  -12.611   -0.079
 N  -11.902  -14.946   -2.491
 C  -10.540  -15.190   -2.947
 C  -10.103  -14.206   -4.015
 O   -8.947  -14.274   -4.437
 C  -10.377  -16.613   -3.478
 C  -11.120  -16.810   -4.750
 O  -12.259  -16.419   -4.856
 N  -10.463  -17.344   -5.749
 H  -12.465  -15.541   -2.753
 H   -9.952  -15.104   -2.180
 H   -9.437  -16.788   -3.644
 H  -10.721  -17.241   -2.823
 H  -10.857  -17.475   -6.502
 H   -9.637  -17.565   -5.652
 N  -10.971  -13.279   -4.430
 C  -10.594  -12.244   -5.378
 C  -10.492  -10.867   -4.729
 O  -10.137   -9.893   -5.407
 C  -11.555  -12.249   -6.566
 C  -11.485  -13.541   -7.362
 C  -12.323  -13.569   -8.597
 O  -12.902  -12.514   -8.966
 O  -12.405  -14.655   -9.220
 H  -11.789  -13.233   -4.169
 H  -11.789  -13.233   -4.169
 H   -9.717  -12.438   -5.744
 H  -12.463  -12.145   -6.240
 H  -11.329  -11.516   -7.159
 H  -10.565  -13.685   -7.633
 H  -11.782  -14.269   -6.794
 N  -10.760  -10.770   -3.432
 C  -10.710   -9.487   -2.704
 C   -9.284   -9.377   -2.194
 O   -8.971   -9.716   -1.048
 C  -11.728   -9.436   -1.563
 C  -13.136   -9.676   -2.110
 C  -11.676   -8.101   -0.852
 C  -14.216   -9.849   -1.067
 H  -10.977  -11.437   -2.935
 H  -10.894   -8.760   -3.320
 H  -11.504  -10.134   -0.928
 H  -13.384   -8.916   -2.659
 H  -13.122  -10.483   -2.647
 H  -12.309   -8.110   -0.117
 H  -10.778   -7.958   -0.514
 H  -11.909   -7.399   -1.480
 H  -15.036  -10.127   -1.505
 H  -13.935  -10.524   -0.430
 H  -14.355   -9.003   -0.613
 N   -8.403   -8.903   -3.062
 C   -6.973   -9.122   -2.857
 C   -6.971   -9.111   -2.890
 C   -6.185   -7.848   -2.576
 O   -4.951   -7.857   -2.658
 C   -6.369   -9.895   -4.017
 C   -6.393   -9.798   -4.117
 O   -6.495   -9.136   -5.182
 O   -7.140  -10.956   -4.388
 H   -8.605   -8.458   -3.770
 H   -8.612   -8.454   -3.765
 H   -6.884   -9.671   -2.062
 H   -6.855   -9.697   -2.125
 H   -5.430  -10.062   -3.839
 H   -6.442   -9.197   -4.877
 H   -6.840  -10.736   -4.126
 H   -5.470  -10.042   -3.946
 H   -6.095   -8.403   -5.092
 H   -6.825  -11.350   -5.060
 N   -6.855   -6.774   -2.221
 C   -6.183   -5.556   -1.797
 C   -6.976   -4.901   -0.674
 O   -8.206   -4.862   -0.718
 C   -6.083   -4.551   -2.956
 C   -5.806   -3.118   -2.485
 C   -5.823   -2.131   -3.639
 C   -5.602   -0.718   -3.118
 N   -6.078    0.287   -4.133
 H   -7.713   -6.721   -2.216
 H   -5.296   -5.780   -1.474
 H   -5.359   -4.818   -3.543
 H   -6.922   -4.548   -3.444
 H   -6.488   -2.853   -1.849
 H   -4.931   -3.082   -2.068
 H   -5.114   -2.346   -4.265
 H   -6.683   -2.166   -4.087
 H   -6.101   -0.591   -2.296
 H   -4.656   -0.573   -2.957
 H   -5.617    0.198   -4.889
 H   -6.942    0.160   -4.306
 H   -5.964    1.113   -3.821
 N   -6.253   -4.351    0.309
 C   -6.801   -3.404    1.274
 C   -6.113   -2.063    1.073
 O   -4.893   -1.961    1.235
 C   -6.622   -3.901    2.706
 C   -7.038   -2.855    3.739
 C   -8.508   -2.451    3.638
 C   -6.720   -3.378    5.128
 H   -5.419   -4.520    0.435
 H   -7.752   -3.291    1.117
 H   -7.169   -4.691    2.838
 H   -5.688   -4.116    2.852
 H   -6.536   -2.044    3.565
 H   -8.734   -1.892    4.398
 H   -8.644   -1.959    2.814
 H   -9.056   -3.251    3.641
 H   -6.989   -2.715    5.784
 H   -7.206   -4.204    5.274
 H   -5.766   -3.539    5.194
 N   -6.897   -1.041    0.728
 C   -6.432    0.345    0.741
 C   -6.773    1.021    2.050
 O   -7.864    0.839    2.595
 H   -7.716   -1.128    0.479
 H   -5.469    0.367    0.622
 H   -6.851    0.837    0.018
 N   -5.838    1.817    2.564
 C   -6.028    2.578    3.799
 C   -5.756    4.040    3.489
 O   -4.651    4.382    3.059
 C   -5.128    2.082    4.936
 C   -5.379    0.595    5.176
 C   -5.387    2.876    6.220
 C   -4.268   -0.071    5.897
 H   -5.065    1.934    2.205
 H   -6.950    2.487    4.087
 H   -4.202    2.215    4.678
 H   -6.184    0.494    5.707
 H   -5.489    0.152    4.320
 H   -4.857    2.496    6.939
 H   -5.134    3.801    6.076
 H   -6.330    2.822    6.440
 H   -4.425   -1.028    5.904
 H   -3.434    0.124    5.441
 H   -4.234    0.266    6.806
 N   -6.774    4.880    3.670
 C   -6.691    6.272    3.265
 C   -6.714    6.268    3.256
 C   -7.306    7.183    4.317
 O   -8.036    6.740    5.208
 C   -7.329    6.523    1.884
 C   -7.526    6.512    1.968
 O   -8.687    6.158    1.871
 O   -7.211    5.609    0.921
 H   -7.524    4.661    4.027
 H   -7.519    4.660    4.037
 H   -5.752    6.507    3.205
 H   -7.256    7.467    1.673
 H   -8.468    6.417    2.179
 H   -6.857    5.997    1.220
 H   -7.344    7.413    1.659
 H   -8.767    5.344    2.060
 H   -7.695    5.765    0.253
 N   -6.991    8.477    4.180
 C   -7.611    9.508    4.985
 C   -6.721   10.112    6.051
 O   -5.493   10.095    5.973
 H   -6.411    8.773    3.618
 H   -7.898   10.227    4.400
 H   -8.387    9.132    5.428
 N   -7.377   10.662    7.065
 C   -6.746   11.636    7.950
 C   -6.161   10.958    9.186
 O   -6.565   11.193   10.336
 C   -7.754   12.726    8.297
 C   -8.290   13.435    7.060
 O   -7.567   13.541    6.036
 O   -9.473   13.841    7.127
 H   -8.195   10.485    7.264
 H   -6.001   12.053    7.490
 H   -8.505   12.328    8.765
 H   -7.324   13.388    8.861
 N   -5.164   10.099    8.912
 C   -4.477    9.344    9.948
 C   -2.968    9.408    9.764
 O   -2.462    9.622    8.657
 C   -4.922    7.867    9.987
 C   -4.596    7.187    8.670
 C   -6.388    7.831   10.242
 C   -4.820    5.674    8.733
 H   -4.872    9.942    8.119
 H   -4.688    9.772   10.792
 H   -4.450    7.396   10.692
 H   -5.166    7.550    7.974
 H   -3.664    7.347    8.451
 H   -6.657    6.914   10.412
 H   -6.588    8.383   11.014
 H   -6.853    8.172    9.461
 H   -4.536    5.278    7.895
 H   -4.300    5.308    9.465
 H   -5.763    5.501    8.878
 N   -2.265    9.181   10.859
 C   -0.896    8.701   10.835
 C   -0.985    7.188   10.978
 O   -1.550    6.687   11.960
 C   -0.109    9.307   11.993
 C    0.039   10.815   11.881
 O    0.197   11.354   10.758
 O    0.022   11.471   12.948
 H   -2.569    9.301   11.654
 H   -0.440    8.939   10.013
 H   -0.569    9.112   12.824
 H    0.781    8.920   12.008
 N   -0.469    6.467   10.001
 C   -0.596    5.021    9.976
 C    0.673    4.374   10.497
 O    1.771    4.645    9.993
 C   -0.862    4.595    8.545
 C   -1.012    3.113    8.263
 C   -2.199    2.501    9.013
 C   -1.162    2.848    6.761
 H   -0.036    6.796    9.334
 H   -1.317    4.733   10.557
 H   -1.687    5.018    8.260
 H   -0.122    4.909    8.002
 H   -0.204    2.680    8.579
 H   -2.310    1.580    8.730
 H   -2.021    2.536    9.966
 H   -2.999    3.010    8.807
 H   -1.239    1.893    6.615
 H   -1.960    3.297    6.439
 H   -0.381    3.192    6.300
 N    0.522    3.566   11.532
 C    1.637    2.919   12.200
 C    1.886    1.513   11.674
 O    3.043    1.176   11.403
 C    1.366    2.882   13.709
 O    1.240    4.228   14.198
 C    2.458    2.141   14.444
 H   -0.241    3.371   11.876
 H    2.451    3.427   12.060
 H    0.540    2.403   13.884
 H    1.108    4.221   15.027
 H    2.413    2.339   15.393
 H    2.355    1.185   14.317
 H    3.327    2.412   14.107
 N    0.838    0.709   11.457
 C    1.022   -0.655   10.985
 C   -0.253   -1.152   10.328
 O   -1.348   -0.736   10.698
 C    1.489   -1.620   12.077
 C    1.335   -1.521   12.210
 O    0.592   -1.738   13.129
 O    1.306   -2.889   11.936
 H    0.017    0.936   11.576
 H    1.717   -0.638   10.309
 H    1.610   -2.496   11.679
 H    2.222   -1.291   12.530
 H    2.333   -1.297   12.429
 H    0.676   -1.332   12.896
 H   -0.096   -2.147   12.876
 H    0.516   -3.137   11.796
 N   -0.093   -2.069    9.371
 C   -1.204   -2.712    8.681
 C   -0.726   -4.126    8.395
 O    0.288   -4.320    7.707
 C   -1.530   -1.990    7.371
 H    0.675   -2.342    9.097
 H   -2.008   -2.716    9.224
 H   -2.285   -2.429    6.948
 H   -1.751   -1.066    7.566
 H   -0.756   -2.030    6.788
 N   -1.437   -5.107    8.915
 C   -0.968   -6.472    8.770
 C   -2.151   -7.416    8.866
 O   -3.267   -7.002    9.169
 C    0.044   -6.824    9.848
 O   -0.524   -6.717   11.131
 H   -2.175   -5.012    9.346
 H   -0.561   -6.563    7.895
 H    0.345   -7.736    9.712
 H    0.796   -6.214    9.785
 H   -1.111   -7.309   11.236
 N   -1.896   -8.700    8.609
 C   -2.927   -9.728    8.727
 C   -2.318  -11.009    9.295
 O   -1.106  -11.248    9.223
 C   -3.604  -10.023    7.377
 C   -2.635  -10.247    6.260
 C   -1.932  -11.438    6.129
 C   -2.422   -9.275    5.319
 C   -1.056  -11.623    5.104
 C   -1.527   -9.462    4.296
 C   -0.840  -10.644    4.185
 O    0.065  -10.805    3.162
 H   -1.129   -9.000    8.362
 H   -3.604   -9.416    9.347
 H   -4.145  -10.823    7.466
 H   -4.165   -9.268    7.137
 H   -2.061  -12.118    6.750
 H   -2.892   -8.475    5.374
 H   -0.599  -12.430    5.030
 H   -1.386   -8.784    3.674
 H    0.485  -11.526    3.261
 N   -3.189  -11.845    9.846
 C   -2.805  -13.137   10.389
 C   -4.044  -14.019   10.421
 O   -5.171  -13.535   10.302
 C   -2.204  -12.956   11.786
 O   -1.421  -14.110   12.114
 C   -3.309  -12.637   12.868
 H   -4.031  -11.681    9.918
 H   -2.148  -13.575    9.826
 H   -1.617  -12.184   11.798
 H   -1.881  -14.806   12.018
 H   -2.891  -12.335   13.690
 H   -3.902  -11.942   12.542
 H   -3.830  -13.434   13.055
 N   -3.836  -15.322   10.539
 C   -4.943  -16.256   10.667
 C   -4.949  -16.249   10.672
 C   -5.166  -16.596   12.135
 O   -4.216  -16.887   12.866
 C   -4.667  -17.554    9.902
 C   -4.710  -17.559    9.921
 C   -4.425  -17.377    8.422
 C   -4.566  -17.401    8.475
 S   -5.785  -16.560    7.557
 S   -6.036  -16.760    7.644
 C   -7.126  -17.690    7.913
 C   -5.368  -16.622    6.021
 H   -3.058  -15.690   10.546
 H   -3.059  -15.692   10.543
 H   -5.737  -15.842   10.295
 H   -5.730  -15.815   10.295
 H   -3.877  -17.972   10.280
 H   -3.895  -17.965   10.256
 H   -5.433  -18.141   10.005
 H   -5.463  -18.149   10.079
 H   -3.628  -16.838    8.298
 H   -3.838  -16.783    8.302
 H   -4.300  -18.251    8.019
 H   -4.364  -18.267    8.087
 H   -7.930  -17.374    7.473
 H   -6.046  -16.261    5.430
 H   -6.892  -18.571    7.583
 H   -4.600  -16.030    6.045
 H   -7.264  -17.722    8.873
 H   -5.097  -17.502    5.715
 N   -6.418  -16.614   12.551
 C   -6.755  -17.029   13.907
 C   -7.646  -18.264   13.851
 O   -7.899  -18.798   12.765
 C   -7.379  -15.899   14.710
 C   -8.692  -15.456   14.106
 C   -6.420  -14.719   14.780
 C   -9.448  -14.530   15.030
 O   -8.078  -18.791   14.886
 H   -7.096  -16.391   12.070
 H   -5.942  -17.268   14.378
 H   -7.554  -16.231   15.605
 H   -8.520  -14.985   13.276
 H   -9.245  -16.235   13.937
 H   -6.769  -14.065   15.406
 H   -5.553  -15.034   15.079
 H   -6.342  -14.323   13.898
 H  -10.329  -14.365   14.660
 H   -9.528  -14.949   15.901
 H   -8.960  -13.695   15.107
